{
 "cells": [
  {
   "cell_type": "code",
   "execution_count": 65,
   "metadata": {},
   "outputs": [],
   "source": [
    "#import necessary libraries\n",
    "import pandas as pd\n",
    "import numpy as np\n",
    "import matplotlib.pyplot as plt\n",
    "import seaborn as sns\n",
    "import time\n",
    "import random\n",
    "import os\n"
   ]
  },
  {
   "cell_type": "code",
   "execution_count": 66,
   "metadata": {},
   "outputs": [],
   "source": [
    "#create list of teams as shown in url and as shown in table\n",
    "atl10_teams_url = ['massachusetts','duquesne','st-bonaventure','loyola-il','george-mason','dayton','george-washington',\n",
    "                'rhode-island','richmond','saint-josephs','saint-louis','virginia-commonwealth','la-salle','fordham','davidson']\n",
    "\n",
    "atl10_teams = ['UMass','Duquesne','St. Bonaventure','Loyola (IL)','George Mason','Dayton','George Washington','Rhode Island','Richmond',\n",
    "               'St. Joseph\\'s','Saint Louis','VCU','La Salle','Fordham','Davidson']"
   ]
  },
  {
   "cell_type": "code",
   "execution_count": 67,
   "metadata": {},
   "outputs": [],
   "source": [
    "#read csv if it exists to save time\n",
    "if os.path.exists('Atlantic10-2024-gamelogs.csv'):\n",
    "    atl10_df = pd.read_csv('Atlantic10-2024-gamelogs.csv', index_col=0)\n",
    "\n",
    "else:\n",
    "    \n",
    "    #create conference dataframe\n",
    "    atl10_df = pd.DataFrame()\n",
    "\n",
    "    #loop through teams, reading each table and concatinating it with our dataframe\n",
    "    for index, team in enumerate(atl10_teams_url):\n",
    "\n",
    "        #create url for lookup\n",
    "        url = f'http://www.sports-reference.com/cbb/schools/{team}/men/2024-gamelogs.html'\n",
    "\n",
    "        #read table from html\n",
    "        df = pd.read_html(url, header=1, attrs={'id': 'sgl-basic_NCAAM'})[0]\n",
    "\n",
    "        #create team name column and insert it in index 3\n",
    "        df.insert(loc=3, column='Team', value=atl10_teams[index])\n",
    "        \n",
    "        #concatenate team dataframe with conference dataframe\n",
    "        atl10_df = pd.concat([atl10_df, df], ignore_index=True)\n",
    "\n",
    "        #sleep to avoid error 429: too many requests\n",
    "        time.sleep(random.randint(4,6))\n",
    "    \n",
    "    #write to csv so we don't have to wait a minute everytime we reload the data   \n",
    "    atl10_df.to_csv('Atlantic10-2024-gamelogs.csv')"
   ]
  },
  {
   "cell_type": "code",
   "execution_count": 68,
   "metadata": {},
   "outputs": [],
   "source": [
    "#drop non-conference games\n",
    "atl10_df = atl10_df[atl10_df['Opp'].isin(atl10_teams)]"
   ]
  },
  {
   "cell_type": "code",
   "execution_count": 69,
   "metadata": {},
   "outputs": [],
   "source": [
    "#reset index after removing rows\n",
    "atl10_df.reset_index(drop=True, inplace=True)"
   ]
  },
  {
   "cell_type": "code",
   "execution_count": 70,
   "metadata": {},
   "outputs": [],
   "source": [
    "#rename unnamed column to Home/Away and modify column to show H for Home, A for Away, and N for Neutral\n",
    "atl10_df = atl10_df.rename(columns={'Unnamed: 2' : 'H/A'})\n",
    "\n",
    "atl10_df['H/A'] = atl10_df['H/A'].apply(lambda x: 'Away' if x == '@' else 'Neutral' if x == 'N' else 'Home')"
   ]
  },
  {
   "cell_type": "code",
   "execution_count": 71,
   "metadata": {},
   "outputs": [],
   "source": [
    "#rename all columns with .1 to show that it is the opponents stats\n",
    "atl10_df = atl10_df.rename(columns={col: 'Opp_' + col[:-2] for col in atl10_df.columns if '.1' in col})\n",
    "\n",
    "#rename points columns\n",
    "atl10_df = atl10_df.rename(columns={'Tm':'Pts', 'Opp_Opp' : 'Opp_Pts'})"
   ]
  },
  {
   "cell_type": "code",
   "execution_count": 72,
   "metadata": {},
   "outputs": [],
   "source": [
    "#drop empty colum 23\n",
    "atl10_df = atl10_df.drop(columns='Unnamed: 23')"
   ]
  },
  {
   "cell_type": "code",
   "execution_count": 73,
   "metadata": {},
   "outputs": [],
   "source": [
    "#change date type from object to datetime\n",
    "atl10_df['Date'] = pd.to_datetime(atl10_df['Date'], format='%Y-%m-%d')"
   ]
  },
  {
   "cell_type": "code",
   "execution_count": 74,
   "metadata": {},
   "outputs": [],
   "source": [
    "#change types of percentage columns from object to float\n",
    "atl10_df = atl10_df.apply(lambda x: x.astype(float) if x.name.endswith('%') else x)"
   ]
  },
  {
   "cell_type": "code",
   "execution_count": 75,
   "metadata": {},
   "outputs": [],
   "source": [
    "#change stat types from object to int\n",
    "object_cols = ['Date','H/A','Opp','W/L','Team']\n",
    "atl10_df = atl10_df.apply(lambda x: x.astype(int) if x.name not in object_cols and not x.name.endswith('%') else x)"
   ]
  },
  {
   "cell_type": "code",
   "execution_count": 77,
   "metadata": {},
   "outputs": [],
   "source": [
    "#create and calculate possessions column for both team and opponent\n",
    "atl10_df['Pos'] = round(.96 * (atl10_df['FGA'] + atl10_df['TOV'] + .44 * atl10_df['FTA'] - atl10_df['ORB']), 1)\n",
    "\n",
    "atl10_df['Opp_Pos'] = round(.96 * (atl10_df['Opp_FGA'] + atl10_df['Opp_TOV'] + .44 * atl10_df['Opp_FTA'] - atl10_df['Opp_ORB']), 1)"
   ]
  },
  {
   "cell_type": "code",
   "execution_count": 81,
   "metadata": {},
   "outputs": [],
   "source": [
    "#use possessions colum to calculate offensive and defensive efficiency for each game\n",
    "atl10_df['OER'] = round(100 * atl10_df['Pts'] / atl10_df['Pos'], 1)\n",
    "\n",
    "atl10_df['DER'] = round(100 * atl10_df['Opp_Pts'] / atl10_df['Opp_Pos'], 1)"
   ]
  },
  {
   "cell_type": "code",
   "execution_count": 203,
   "metadata": {},
   "outputs": [],
   "source": [
    "#create df that holds team name and effeciency ratings\n",
    "Team_ER = atl10_df.groupby('Team')[['OER','DER','Pos']].mean().reset_index()"
   ]
  },
  {
   "cell_type": "code",
   "execution_count": 204,
   "metadata": {},
   "outputs": [
    {
     "data": {
      "text/html": [
       "<div>\n",
       "<style scoped>\n",
       "    .dataframe tbody tr th:only-of-type {\n",
       "        vertical-align: middle;\n",
       "    }\n",
       "\n",
       "    .dataframe tbody tr th {\n",
       "        vertical-align: top;\n",
       "    }\n",
       "\n",
       "    .dataframe thead th {\n",
       "        text-align: right;\n",
       "    }\n",
       "</style>\n",
       "<table border=\"1\" class=\"dataframe\">\n",
       "  <thead>\n",
       "    <tr style=\"text-align: right;\">\n",
       "      <th></th>\n",
       "      <th>Team</th>\n",
       "      <th>OER</th>\n",
       "      <th>DER</th>\n",
       "      <th>Pos</th>\n",
       "    </tr>\n",
       "  </thead>\n",
       "  <tbody>\n",
       "    <tr>\n",
       "      <th>1</th>\n",
       "      <td>Dayton</td>\n",
       "      <td>119.036842</td>\n",
       "      <td>104.189474</td>\n",
       "      <td>62.857895</td>\n",
       "    </tr>\n",
       "    <tr>\n",
       "      <th>12</th>\n",
       "      <td>St. Joseph's</td>\n",
       "      <td>113.280952</td>\n",
       "      <td>111.780952</td>\n",
       "      <td>65.457143</td>\n",
       "    </tr>\n",
       "    <tr>\n",
       "      <th>11</th>\n",
       "      <td>St. Bonaventure</td>\n",
       "      <td>113.142857</td>\n",
       "      <td>111.276190</td>\n",
       "      <td>64.533333</td>\n",
       "    </tr>\n",
       "    <tr>\n",
       "      <th>13</th>\n",
       "      <td>UMass</td>\n",
       "      <td>112.136842</td>\n",
       "      <td>108.105263</td>\n",
       "      <td>65.300000</td>\n",
       "    </tr>\n",
       "    <tr>\n",
       "      <th>10</th>\n",
       "      <td>Saint Louis</td>\n",
       "      <td>112.060000</td>\n",
       "      <td>121.865000</td>\n",
       "      <td>67.475000</td>\n",
       "    </tr>\n",
       "    <tr>\n",
       "      <th>4</th>\n",
       "      <td>George Mason</td>\n",
       "      <td>110.815789</td>\n",
       "      <td>107.605263</td>\n",
       "      <td>61.489474</td>\n",
       "    </tr>\n",
       "    <tr>\n",
       "      <th>9</th>\n",
       "      <td>Richmond</td>\n",
       "      <td>110.726316</td>\n",
       "      <td>102.536842</td>\n",
       "      <td>63.463158</td>\n",
       "    </tr>\n",
       "    <tr>\n",
       "      <th>14</th>\n",
       "      <td>VCU</td>\n",
       "      <td>110.431818</td>\n",
       "      <td>105.368182</td>\n",
       "      <td>63.245455</td>\n",
       "    </tr>\n",
       "    <tr>\n",
       "      <th>5</th>\n",
       "      <td>George Washington</td>\n",
       "      <td>109.131579</td>\n",
       "      <td>119.936842</td>\n",
       "      <td>67.742105</td>\n",
       "    </tr>\n",
       "    <tr>\n",
       "      <th>7</th>\n",
       "      <td>Loyola (IL)</td>\n",
       "      <td>108.447368</td>\n",
       "      <td>100.431579</td>\n",
       "      <td>67.500000</td>\n",
       "    </tr>\n",
       "    <tr>\n",
       "      <th>8</th>\n",
       "      <td>Rhode Island</td>\n",
       "      <td>107.947368</td>\n",
       "      <td>119.536842</td>\n",
       "      <td>67.084211</td>\n",
       "    </tr>\n",
       "    <tr>\n",
       "      <th>2</th>\n",
       "      <td>Duquesne</td>\n",
       "      <td>105.422727</td>\n",
       "      <td>102.913636</td>\n",
       "      <td>63.813636</td>\n",
       "    </tr>\n",
       "    <tr>\n",
       "      <th>6</th>\n",
       "      <td>La Salle</td>\n",
       "      <td>105.095000</td>\n",
       "      <td>114.140000</td>\n",
       "      <td>65.945000</td>\n",
       "    </tr>\n",
       "    <tr>\n",
       "      <th>0</th>\n",
       "      <td>Davidson</td>\n",
       "      <td>104.684211</td>\n",
       "      <td>106.815789</td>\n",
       "      <td>65.200000</td>\n",
       "    </tr>\n",
       "    <tr>\n",
       "      <th>3</th>\n",
       "      <td>Fordham</td>\n",
       "      <td>103.575000</td>\n",
       "      <td>109.670000</td>\n",
       "      <td>66.200000</td>\n",
       "    </tr>\n",
       "  </tbody>\n",
       "</table>\n",
       "</div>"
      ],
      "text/plain": [
       "                 Team         OER         DER        Pos\n",
       "1              Dayton  119.036842  104.189474  62.857895\n",
       "12       St. Joseph's  113.280952  111.780952  65.457143\n",
       "11    St. Bonaventure  113.142857  111.276190  64.533333\n",
       "13              UMass  112.136842  108.105263  65.300000\n",
       "10        Saint Louis  112.060000  121.865000  67.475000\n",
       "4        George Mason  110.815789  107.605263  61.489474\n",
       "9            Richmond  110.726316  102.536842  63.463158\n",
       "14                VCU  110.431818  105.368182  63.245455\n",
       "5   George Washington  109.131579  119.936842  67.742105\n",
       "7         Loyola (IL)  108.447368  100.431579  67.500000\n",
       "8        Rhode Island  107.947368  119.536842  67.084211\n",
       "2            Duquesne  105.422727  102.913636  63.813636\n",
       "6            La Salle  105.095000  114.140000  65.945000\n",
       "0            Davidson  104.684211  106.815789  65.200000\n",
       "3             Fordham  103.575000  109.670000  66.200000"
      ]
     },
     "execution_count": 204,
     "metadata": {},
     "output_type": "execute_result"
    }
   ],
   "source": [
    "#explore effeciency ratings\n",
    "Team_ER.sort_values('OER', ascending=False)"
   ]
  },
  {
   "cell_type": "code",
   "execution_count": 205,
   "metadata": {},
   "outputs": [
    {
     "data": {
      "text/html": [
       "<div>\n",
       "<style scoped>\n",
       "    .dataframe tbody tr th:only-of-type {\n",
       "        vertical-align: middle;\n",
       "    }\n",
       "\n",
       "    .dataframe tbody tr th {\n",
       "        vertical-align: top;\n",
       "    }\n",
       "\n",
       "    .dataframe thead th {\n",
       "        text-align: right;\n",
       "    }\n",
       "</style>\n",
       "<table border=\"1\" class=\"dataframe\">\n",
       "  <thead>\n",
       "    <tr style=\"text-align: right;\">\n",
       "      <th></th>\n",
       "      <th>Team</th>\n",
       "      <th>OER</th>\n",
       "      <th>DER</th>\n",
       "      <th>Pos</th>\n",
       "    </tr>\n",
       "  </thead>\n",
       "  <tbody>\n",
       "    <tr>\n",
       "      <th>7</th>\n",
       "      <td>Loyola (IL)</td>\n",
       "      <td>108.447368</td>\n",
       "      <td>100.431579</td>\n",
       "      <td>67.500000</td>\n",
       "    </tr>\n",
       "    <tr>\n",
       "      <th>9</th>\n",
       "      <td>Richmond</td>\n",
       "      <td>110.726316</td>\n",
       "      <td>102.536842</td>\n",
       "      <td>63.463158</td>\n",
       "    </tr>\n",
       "    <tr>\n",
       "      <th>2</th>\n",
       "      <td>Duquesne</td>\n",
       "      <td>105.422727</td>\n",
       "      <td>102.913636</td>\n",
       "      <td>63.813636</td>\n",
       "    </tr>\n",
       "    <tr>\n",
       "      <th>1</th>\n",
       "      <td>Dayton</td>\n",
       "      <td>119.036842</td>\n",
       "      <td>104.189474</td>\n",
       "      <td>62.857895</td>\n",
       "    </tr>\n",
       "    <tr>\n",
       "      <th>14</th>\n",
       "      <td>VCU</td>\n",
       "      <td>110.431818</td>\n",
       "      <td>105.368182</td>\n",
       "      <td>63.245455</td>\n",
       "    </tr>\n",
       "    <tr>\n",
       "      <th>0</th>\n",
       "      <td>Davidson</td>\n",
       "      <td>104.684211</td>\n",
       "      <td>106.815789</td>\n",
       "      <td>65.200000</td>\n",
       "    </tr>\n",
       "    <tr>\n",
       "      <th>4</th>\n",
       "      <td>George Mason</td>\n",
       "      <td>110.815789</td>\n",
       "      <td>107.605263</td>\n",
       "      <td>61.489474</td>\n",
       "    </tr>\n",
       "    <tr>\n",
       "      <th>13</th>\n",
       "      <td>UMass</td>\n",
       "      <td>112.136842</td>\n",
       "      <td>108.105263</td>\n",
       "      <td>65.300000</td>\n",
       "    </tr>\n",
       "    <tr>\n",
       "      <th>3</th>\n",
       "      <td>Fordham</td>\n",
       "      <td>103.575000</td>\n",
       "      <td>109.670000</td>\n",
       "      <td>66.200000</td>\n",
       "    </tr>\n",
       "    <tr>\n",
       "      <th>11</th>\n",
       "      <td>St. Bonaventure</td>\n",
       "      <td>113.142857</td>\n",
       "      <td>111.276190</td>\n",
       "      <td>64.533333</td>\n",
       "    </tr>\n",
       "    <tr>\n",
       "      <th>12</th>\n",
       "      <td>St. Joseph's</td>\n",
       "      <td>113.280952</td>\n",
       "      <td>111.780952</td>\n",
       "      <td>65.457143</td>\n",
       "    </tr>\n",
       "    <tr>\n",
       "      <th>6</th>\n",
       "      <td>La Salle</td>\n",
       "      <td>105.095000</td>\n",
       "      <td>114.140000</td>\n",
       "      <td>65.945000</td>\n",
       "    </tr>\n",
       "    <tr>\n",
       "      <th>8</th>\n",
       "      <td>Rhode Island</td>\n",
       "      <td>107.947368</td>\n",
       "      <td>119.536842</td>\n",
       "      <td>67.084211</td>\n",
       "    </tr>\n",
       "    <tr>\n",
       "      <th>5</th>\n",
       "      <td>George Washington</td>\n",
       "      <td>109.131579</td>\n",
       "      <td>119.936842</td>\n",
       "      <td>67.742105</td>\n",
       "    </tr>\n",
       "    <tr>\n",
       "      <th>10</th>\n",
       "      <td>Saint Louis</td>\n",
       "      <td>112.060000</td>\n",
       "      <td>121.865000</td>\n",
       "      <td>67.475000</td>\n",
       "    </tr>\n",
       "  </tbody>\n",
       "</table>\n",
       "</div>"
      ],
      "text/plain": [
       "                 Team         OER         DER        Pos\n",
       "7         Loyola (IL)  108.447368  100.431579  67.500000\n",
       "9            Richmond  110.726316  102.536842  63.463158\n",
       "2            Duquesne  105.422727  102.913636  63.813636\n",
       "1              Dayton  119.036842  104.189474  62.857895\n",
       "14                VCU  110.431818  105.368182  63.245455\n",
       "0            Davidson  104.684211  106.815789  65.200000\n",
       "4        George Mason  110.815789  107.605263  61.489474\n",
       "13              UMass  112.136842  108.105263  65.300000\n",
       "3             Fordham  103.575000  109.670000  66.200000\n",
       "11    St. Bonaventure  113.142857  111.276190  64.533333\n",
       "12       St. Joseph's  113.280952  111.780952  65.457143\n",
       "6            La Salle  105.095000  114.140000  65.945000\n",
       "8        Rhode Island  107.947368  119.536842  67.084211\n",
       "5   George Washington  109.131579  119.936842  67.742105\n",
       "10        Saint Louis  112.060000  121.865000  67.475000"
      ]
     },
     "execution_count": 205,
     "metadata": {},
     "output_type": "execute_result"
    }
   ],
   "source": [
    "#explore effeciency ratings\n",
    "Team_ER.sort_values('DER', ascending=True)"
   ]
  },
  {
   "cell_type": "code",
   "execution_count": 206,
   "metadata": {},
   "outputs": [
    {
     "data": {
      "text/html": [
       "<div>\n",
       "<style scoped>\n",
       "    .dataframe tbody tr th:only-of-type {\n",
       "        vertical-align: middle;\n",
       "    }\n",
       "\n",
       "    .dataframe tbody tr th {\n",
       "        vertical-align: top;\n",
       "    }\n",
       "\n",
       "    .dataframe thead th {\n",
       "        text-align: right;\n",
       "    }\n",
       "</style>\n",
       "<table border=\"1\" class=\"dataframe\">\n",
       "  <thead>\n",
       "    <tr style=\"text-align: right;\">\n",
       "      <th></th>\n",
       "      <th>Team</th>\n",
       "      <th>OER</th>\n",
       "      <th>DER</th>\n",
       "      <th>Pos</th>\n",
       "    </tr>\n",
       "  </thead>\n",
       "  <tbody>\n",
       "    <tr>\n",
       "      <th>5</th>\n",
       "      <td>George Washington</td>\n",
       "      <td>109.131579</td>\n",
       "      <td>119.936842</td>\n",
       "      <td>67.742105</td>\n",
       "    </tr>\n",
       "    <tr>\n",
       "      <th>7</th>\n",
       "      <td>Loyola (IL)</td>\n",
       "      <td>108.447368</td>\n",
       "      <td>100.431579</td>\n",
       "      <td>67.500000</td>\n",
       "    </tr>\n",
       "    <tr>\n",
       "      <th>10</th>\n",
       "      <td>Saint Louis</td>\n",
       "      <td>112.060000</td>\n",
       "      <td>121.865000</td>\n",
       "      <td>67.475000</td>\n",
       "    </tr>\n",
       "    <tr>\n",
       "      <th>8</th>\n",
       "      <td>Rhode Island</td>\n",
       "      <td>107.947368</td>\n",
       "      <td>119.536842</td>\n",
       "      <td>67.084211</td>\n",
       "    </tr>\n",
       "    <tr>\n",
       "      <th>3</th>\n",
       "      <td>Fordham</td>\n",
       "      <td>103.575000</td>\n",
       "      <td>109.670000</td>\n",
       "      <td>66.200000</td>\n",
       "    </tr>\n",
       "    <tr>\n",
       "      <th>6</th>\n",
       "      <td>La Salle</td>\n",
       "      <td>105.095000</td>\n",
       "      <td>114.140000</td>\n",
       "      <td>65.945000</td>\n",
       "    </tr>\n",
       "    <tr>\n",
       "      <th>12</th>\n",
       "      <td>St. Joseph's</td>\n",
       "      <td>113.280952</td>\n",
       "      <td>111.780952</td>\n",
       "      <td>65.457143</td>\n",
       "    </tr>\n",
       "    <tr>\n",
       "      <th>13</th>\n",
       "      <td>UMass</td>\n",
       "      <td>112.136842</td>\n",
       "      <td>108.105263</td>\n",
       "      <td>65.300000</td>\n",
       "    </tr>\n",
       "    <tr>\n",
       "      <th>0</th>\n",
       "      <td>Davidson</td>\n",
       "      <td>104.684211</td>\n",
       "      <td>106.815789</td>\n",
       "      <td>65.200000</td>\n",
       "    </tr>\n",
       "    <tr>\n",
       "      <th>11</th>\n",
       "      <td>St. Bonaventure</td>\n",
       "      <td>113.142857</td>\n",
       "      <td>111.276190</td>\n",
       "      <td>64.533333</td>\n",
       "    </tr>\n",
       "    <tr>\n",
       "      <th>2</th>\n",
       "      <td>Duquesne</td>\n",
       "      <td>105.422727</td>\n",
       "      <td>102.913636</td>\n",
       "      <td>63.813636</td>\n",
       "    </tr>\n",
       "    <tr>\n",
       "      <th>9</th>\n",
       "      <td>Richmond</td>\n",
       "      <td>110.726316</td>\n",
       "      <td>102.536842</td>\n",
       "      <td>63.463158</td>\n",
       "    </tr>\n",
       "    <tr>\n",
       "      <th>14</th>\n",
       "      <td>VCU</td>\n",
       "      <td>110.431818</td>\n",
       "      <td>105.368182</td>\n",
       "      <td>63.245455</td>\n",
       "    </tr>\n",
       "    <tr>\n",
       "      <th>1</th>\n",
       "      <td>Dayton</td>\n",
       "      <td>119.036842</td>\n",
       "      <td>104.189474</td>\n",
       "      <td>62.857895</td>\n",
       "    </tr>\n",
       "    <tr>\n",
       "      <th>4</th>\n",
       "      <td>George Mason</td>\n",
       "      <td>110.815789</td>\n",
       "      <td>107.605263</td>\n",
       "      <td>61.489474</td>\n",
       "    </tr>\n",
       "  </tbody>\n",
       "</table>\n",
       "</div>"
      ],
      "text/plain": [
       "                 Team         OER         DER        Pos\n",
       "5   George Washington  109.131579  119.936842  67.742105\n",
       "7         Loyola (IL)  108.447368  100.431579  67.500000\n",
       "10        Saint Louis  112.060000  121.865000  67.475000\n",
       "8        Rhode Island  107.947368  119.536842  67.084211\n",
       "3             Fordham  103.575000  109.670000  66.200000\n",
       "6            La Salle  105.095000  114.140000  65.945000\n",
       "12       St. Joseph's  113.280952  111.780952  65.457143\n",
       "13              UMass  112.136842  108.105263  65.300000\n",
       "0            Davidson  104.684211  106.815789  65.200000\n",
       "11    St. Bonaventure  113.142857  111.276190  64.533333\n",
       "2            Duquesne  105.422727  102.913636  63.813636\n",
       "9            Richmond  110.726316  102.536842  63.463158\n",
       "14                VCU  110.431818  105.368182  63.245455\n",
       "1              Dayton  119.036842  104.189474  62.857895\n",
       "4        George Mason  110.815789  107.605263  61.489474"
      ]
     },
     "execution_count": 206,
     "metadata": {},
     "output_type": "execute_result"
    }
   ],
   "source": [
    "#explore possessions\n",
    "Team_ER.sort_values('Pos', ascending=False)"
   ]
  },
  {
   "cell_type": "code",
   "execution_count": 208,
   "metadata": {},
   "outputs": [
    {
     "data": {
